# Neuron syntax:
# layer index | [array of weights] | calculated sum | normalized sum | delta

# Layer 1
1 | [0.743387, 0.601078, 0.623447, 0.37323, -0.638448, 0.932181, 0.345642, -0.7057, -1.43307, 0.360943, 0.891926] | -2.4162790862358445 | 0.08193972840559238 | -2.414145218791095e-9
1 | [0.601901, 0.454796, 0.683777, 0.685906, 0.387241, 0.950986, 0.672719, 0.395044, 1.00289, 0.902987, 0.548424] | 2.688157880661066 | 0.9363242406151746 | 8.122483810362306e-10
1 | [0.986904, 0.418551, 1.10886, 0.309585, -0.844939, 0.605324, 1.01677, -0.458978, -0.940469, 0.142302, 1.00865] | -2.102083530601627 | 0.1088944779272865 | -3.4624752163859574e-9
1 | [0.223153, 0.0818676, 0.698745, 0.863773, 1.16723, 0.692912, 0.539608, 1.07343, 1.0057, 0.408684, 0.50194] | 3.6550315297997678 | 0.9747912338003416 | 8.22342255189454e-10
1 | [0.127467, -0.158395, 0.0591644, -0.0713392, 1.4221, -0.401169, 0.27031, 1.18593, 0.868805, 0.407484, -0.513383] | 3.8843223219876406 | 0.9798525095365902 | 5.733882715380283e-10
1 | [0.167571, 0.365607, 0.694113, 0.256007, -1.30737, 0.952811, 1.01209, 0.222607, -1.04778, -0.315013, 1.23246] | -2.4475577915195967 | 0.0796173267004369 | -1.8620064147492606e-9
1 | [0.588379, 0.316526, 0.657905, 0.40457, 0.948335, 0.0341064, 0.389752, 0.919191, 0.812851, 0.0858948, 0.127546] | 2.766271568551858 | 0.9408257557068607 | 1.2498270485357533e-9
1 | [0.665213, 0.784404, 1.03471, 0.843681, -0.809416, 0.897115, 0.592841, -0.0719225, -0.106913, -0.175336, 0.266191] | -1.163588423579997 | 0.238015861475411 | -1.432916011407747e-9
1 | [0.326624, 0.545146, 0.568672, 0.603448, -0.658482, 0.605107, 0.747205, 0.305151, -0.182611, 0.787834, 0.658552] | 0.2518918354520403 | 0.562642091164295 | -4.076014855113025e-9
1 | [0.543291, 0.864698, 0.650968, 1.09193, -0.398825, 0.256113, 0.466296, -0.376987, -0.385631, 0.607419, 0.962926] | -0.5540243436085637 | 0.36493123550671286 | -1.3926701839303432e-9
1 | [0.806007, 0.811492, 0.785268, 0.202381, 0.709131, 0.312471, 0.967561, -0.0505805, -0.103375, 0.619955, 1.01036] | 1.17513061204841 | 0.7640711455772385 | 1.0139107558038908e-10
1 | [0.460609, 0.876548, 0.471053, 0.631047, -1.06702, 0.981984, 0.125483, -0.00703873, -1.02836, 0.36024, 1.14153] | -1.7421839981661709 | 0.14903573859496375 | -4.59461636582284e-9
1 | [-0.0991438, -0.0957321, 0.12357, -0.742008, 1.23398, -0.358138, -0.325521, 0.914836, 1.22607, 0.183644, -0.415122] | 3.5585308034571534 | 0.9723080468383649 | 1.173926030790729e-9

# Layer 2
2 | [0.372035, 0.466785, 0.716201, 0.417613, 0.831222, 0.889016, 0.757861, 1.08073, 0.671322, 0.857156, 0.442591, 0.169241, 0.316957] | 4.170214040139593 | 0.9847860859699914 | 1.2427633705479324e-9
2 | [0.637504, 0.900731, 0.274838, 0.667054, 0.538758, 0.4502, 0.682211, 0.726035, 0.315648, 0.530536, 0.744241, 0.509356, 0.681474] | 4.632551122273955 | 0.9903638535565016 | 6.705249143588483e-10
2 | [0.374102, -0.00392963, 0.829717, -0.517415, 0.223234, 0.139145, -0.20483, -0.0862345, 0.580998, -0.100709, 0.221857, 0.818919, -0.312231] | -0.09234584137825874 | 0.4769299319819572 | -2.1845426373107728e-8
2 | [0.374477, 1.02891, 0.397263, 0.232151, 1.17355, 0.930614, 0.722364, 0.160157, 0.286935, 0.854879, 0.858666, 0.505209, 0.558364] | 4.953072183632623 | 0.992987836868098 | 7.227618340307199e-10
2 | [0.426372, 0.0987402, 0.818427, 0.971612, 0.334261, 0.973916, 0.0171976, 0.967786, 0.686767, 0.715162, 0.250545, 0.354526, 0.8897] | 3.571949008047268 | 0.9726670528615617 | 9.547720821347407e-10
2 | [2.08188, -0.805828, 0.997905, -0.853365, -1.52051, 1.99965, -0.781541, 0.975796, 0.232594, 1.08049, -0.144797, 1.08682, -1.92824] | -4.439157543148294 | 0.01166812775679873 | -8.16518885838898e-9
2 | [0.26519, 0.736339, 0.31862, 0.364044, 0.712675, 0.843178, 1.05436, 1.05896, 0.39698, 0.65422, 0.987162, 0.452916, 0.833461] | 5.204460405128483 | 0.9945379843578375 | 6.239971610791506e-10
2 | [0.684355, 0.977604, 0.288678, 0.2515, 0.926826, 0.805977, 0.505932, 0.0700185, 0.437261, 0.5961, 0.621138, 0.261223, 0.374812] | 4.05452258533194 | 0.9829519194184207 | 6.638519642270681e-10
2 | [0.574748, 0.636716, 0.731859, 1.10263, 0.163386, 0.874953, 0.28766, 0.418001, 0.513391, 0.605171, 1.08999, 0.329574, 0.838512] | 4.60462488927202 | 0.9900936629499881 | 8.793887926874056e-10
2 | [0.572702, 0.568519, 0.907313, 0.493691, 0.544805, 0.674867, 0.608388, 0.0253936, 0.779342, 0.421688, 0.853211, 0.114354, 0.274864] | 3.853870960544629 | 0.9792424852449927 | 7.050598449139461e-10
2 | [0.329827, 1.05625, 0.812882, 0.324521, 0.38244, 0.311918, 0.889417, 0.30591, 0.325843, 0.892962, 1.07602, 0.779328, 0.783132] | 4.938994029599519 | 0.9928891273350687 | 6.54060810852684e-10
2 | [1.35506, -0.195714, 1.81395, -1.2822, -2.03399, 1.46101, -0.869994, 0.775043, 0.736363, 0.616674, 0.241011, 1.59595, -1.96874] | -4.4881591296397545 | 0.011116356083918115 | -8.12300346932492e-9
2 | [0.828305, 0.627059, 1.04615, 0.848205, 0.625312, 0.326722, 0.354523, 0.338234, 0.371978, 0.731035, 1.05213, 0.971122, 0.776956] | 4.828662024369191 | 0.9920662338386904 | 9.346195161150776e-10

# Layer 3
3 | [-0.93985, -0.796104, 0.9922, -1.17612, -0.406913, 8.0226, -1.30155, -0.448866, -1.01588, -0.393019, -1.04966, 8.37263, -1.34545] | -8.121063079421825 | 0.0002971242228673331 | -8.82565728906105e-8